{
  "advancedEditorSelectedIdentifier" : "ProjectBrowser",
  "openSceneRelativePaths" : [
    "Immersive.usda"
  ],
  "recentIdentifiers" : {
    "AF09ED6F-1707-48FD-8720-65B998362C09" : [

    ]
  },
  "sceneCameraHistory" : {
    "AF09ED6F-1707-48FD-8720-65B998362C09" : [
      {
        "date" : 798943088.903845,
        "title" : "Untitled",
        "transform" : [
          0.9973839,
          4.1731854e-09,
          0.0722874,
          0,
          0.049534954,
          0.7283077,
          -0.6834575,
          0,
          -0.05264747,
          0.6852503,
          0.7264024,
          0,
          -0.07027494,
          1.5939878,
          1.0133641,
          1
        ]
      },
      {
        "date" : 798942925.608333,
        "title" : "Untitled",
        "transform" : [
          0.9973839,
          4.1731854e-09,
          0.0722874,
          0,
          0.049534954,
          0.7283077,
          -0.6834575,
          0,
          -0.05264747,
          0.6852503,
          0.7264024,
          0,
          -0.022580413,
          0.3966081,
          0.43395397,
          1
        ]
      },
      {
        "date" : 798942247.713917,
        "title" : "Untitled",
        "transform" : [
          0.9973839,
          4.1731854e-09,
          0.0722874,
          0,
          0.049534954,
          0.7283077,
          -0.6834575,
          0,
          -0.05264747,
          0.6852503,
          0.7264024,
          0,
          -0.6374142,
          8.296478,
          8.794717,
          1
        ]
      },
      {
        "date" : 798942243.187453,
        "title" : "Untitled",
        "transform" : [
          0.9973839,
          4.1731854e-09,
          0.0722874,
          0,
          0.049534954,
          0.7283077,
          -0.6834575,
          0,
          -0.05264747,
          0.6852503,
          0.7264024,
          0,
          -0.9650896,
          12.561446,
          13.315815,
          1
        ]
      },
      {
        "date" : 798942191.012735,
        "title" : "Untitled",
        "transform" : [
          0.9973839,
          4.1731854e-09,
          0.0722874,
          0,
          0.049534954,
          0.7283077,
          -0.6834575,
          0,
          -0.05264748,
          0.68525034,
          0.72640246,
          0,
          -0.2856305,
          3.717719,
          3.940984,
          1
        ]
      },
      {
        "date" : 798942104.104752,
        "title" : "Untitled",
        "transform" : [
          0.9999788,
          0,
          -0.006515457,
          0,
          -0.004607124,
          0.7071069,
          -0.70709175,
          0,
          0.0046071243,
          0.70710677,
          0.70709187,
          0,
          0.024995238,
          3.8362978,
          3.8362172,
          1
        ]
      }
    ]
  },
  "sceneViewportBackgroundColors" : {

  }
}